LA102390-0068	401	8	0.14977950463911147
FT921-14215	401	40	0.11548163657836126
LA100890-0131	401	41	0.1153013770471167
FT924-713	401	50	0.11010956705349628
FT924-6417	401	52	0.10914330886727001
FBIS4-42221	401	75	0.10133637737663252
LA121590-0058	401	77	0.10133637737663252
FBIS3-20090	401	136	0.09527062340749333
FBIS3-20329	401	145	0.09281040521235788
FBIS3-54880	401	163	0.09012832573399626
LA010489-0026	401	173	0.08808765364279703
FT924-11400	401	193	0.08647603278533751
FBIS3-60975	401	206	0.08486441192787803
FBIS3-23446	401	273	0.08185748165045252
FT924-4470	401	296	0.08035296863975315
FT924-12761	401	326	0.07795950633376429
FT932-5388	401	335	0.07755982603056052
FT934-5796	401	337	0.07755982603056052
FT922-2564	401	404	0.07421159319085273
FT924-4344	401	406	0.07396161094127514
FT934-2531	401	420	0.07350938348208964
FT934-10306	401	431	0.07331624827004189
FBIS4-19325	401	503	0.071329654038216
FT942-5121	401	507	0.071329654038216
FBIS3-19107	401	519	0.07090060280447626
LA100189-0189	401	537	0.06995959772731307
FT934-17339	401	565	0.06942239077482658
FBIS3-59030	401	603	0.06821456804204376
FT934-10520	401	667	0.06703199841832402
FBIS4-65273	401	693	0.06700674530926094
FBIS3-57906	401	697	0.06660243695012037
FBIS3-38984	401	761	0.06509948204587152
FBIS4-65502	401	764	0.06509948204587152
FT932-10187	401	779	0.06463318835880043
FT944-6909	401	783	0.06450819723401165
FBIS3-59055	401	865	0.06302275804842333
FT923-7892	401	867	0.06295065423592551
FT942-5131	401	868	0.06295065423592551
FT932-3800	401	875	0.06291975260199786
FT923-6593	401	902	0.06284249851717877
LA100290-0174	401	970	0.06147469020832613
FT924-13569	401	994	0.06080182642597951
LA062089-0028	402	10	0.19372900205559515
LA101290-0115	402	13	0.18886388003268867
FT923-7735	402	24	0.17220355738275123
LA073090-0057	402	27	0.17220355738275123
LA010989-0047	402	56	0.14760304918521536
FBIS4-20645	402	73	0.12915266803706343
FT921-11140	402	77	0.12915266803706343
FT934-2039	402	84	0.12915266803706343
LA120389-0120	402	106	0.11300858453243051
LA073090-0056	402	133	0.10332213442965076
FT933-5693	402	156	0.09686450102779758
LA020590-0053	402	160	0.09686450102779758
LA040990-0045	402	162	0.09686450102779758
FT933-13787	402	172	0.0922519057407596
LA050789-0122	402	177	0.0904068676259444
LA042990-0032	402	182	0.08772780859291668
LA042990-0020	402	190	0.08610177869137561
FT931-9496	402	213	0.08072041752316464
FT931-10925	402	214	0.08072041752316464
FR940812-2-00253	402	217	0.07885661057562092
FT934-1290	402	225	0.07749160082223806
FR940817-2-00253	402	235	0.07677155828008957
LA062890-0104	402	245	0.07533905635495368
LA111689-0162	402	265	0.07264837577084818
FT932-13552	402	320	0.06457633401853172
FT933-6719	402	322	0.06457633401853172
LA020190-0043	402	330	0.06457633401853172
LA070590-0178	402	371	0.059194972850320736
LA091589-0015	402	419	0.05343752984943595
FR940516-2-00062	402	485	0.05118103885339304
FR940817-2-00249	402	488	0.05118103885339304
FR940817-2-00252	402	490	0.05118103885339304
LA062590-0042	402	539	0.0504647878908251
LA101690-0121	402	541	0.049806644683645915
FT944-12908	402	559	0.04843225051389879
LA093089-0065	402	561	0.04843225051389879
LA032290-0148	402	566	0.0461259528703798
FR940204-2-00090	402	570	0.04508342672261412
FR940413-2-00074	402	593	0.04305088934568781
FT931-5795	402	600	0.04305088934568781
FR940817-2-00241	402	627	0.04265086571116087
FR940812-2-00254	402	630	0.041734602931329454
FT942-3637	402	718	0.04036020876158232
LA100790-0251	402	723	0.03905554389830171
FT922-7420	402	727	0.03874580041111903
FT933-11998	402	731	0.03874580041111903
LA112090-0153	402	811	0.03632418788542409
LA101589-0047	402	922	0.03338768234506356
FR940525-1-00062	403	2	0.44301141758439505
LA071290-0133	403	3	0.44301141758439505
FR940525-1-00078	403	4	0.3937879267416845
LA010790-0103	403	5	0.33753250863572953
LA011389-0029	403	6	0.33753250863572953
LA010390-0067	403	7	0.3150303413933476
LA020490-0136	403	8	0.2559621523820949
FR940525-1-00079	403	9	0.2250216724238197
LA032290-0151	403	10	0.2250216724238197
FT924-979	403	13	0.1575151706966738
FR940525-1-00063	403	14	0.1476704725281317
FR940603-2-00065	403	15	0.13126264224722817
FT932-1044	403	18	0.11485481196632466
LA041990-0072	403	21	0.09844698168542113
FR940525-1-00050	403	30	0.07383523626406585
LA051889-0006	403	32	0.07383523626406585
LA052290-0110	403	34	0.06563132112361408
LA072289-0144	403	49	0.04922349084271056
LA092890-0067	403	65	0.028127709052977463
LA033089-0013	403	71	0.02461174542135528
LA032489-0093	403	73	0.019689396337084226
LA051689-0039	404	30	0.15375733842380315
FT932-16647	404	124	0.12044931725418413
FT932-1064	404	144	0.1143491627029976
FT924-4369	404	215	0.10539315259741112
FT934-9911	404	362	0.0964766693426617
FBIS3-58248	404	384	0.09607172445332522
FBIS3-19785	404	463	0.09121360382594616
FT932-17400	404	509	0.08920736018979113
FBIS3-39732	404	513	0.08918607054054972
FBIS4-44373	404	527	0.08807683577452802
FT932-10751	404	565	0.08625836704695483
FT932-10754	404	566	0.08625836704695483
FT934-11422	404	567	0.08625836704695483
FT924-7808	404	589	0.08542074356877953
FT934-11331	404	617	0.08529552132718077
FT934-12408	404	638	0.08442659228860577
FBIS3-19031	404	645	0.08412382944021367
FBIS4-66026	404	762	0.08076304277190767
FBIS4-43804	404	771	0.08027111350962318
FT933-738	404	785	0.08004258758912947
FT934-4311	404	822	0.07895788007511036
FT934-1366	404	830	0.07847413250045333
FT934-11680	404	877	0.0771261053167613
FT941-16421	404	887	0.07702826546667303
LA072490-0158	404	911	0.07687866921190158
FT934-11927	404	916	0.0767877920643018
FBIS4-66076	404	971	0.07539905630572807
FBIS3-18199	404	973	0.07528149944124478
FT934-11423	404	976	0.07521933697562565
LA042089-0083	405	50	0.0957195155798124
FT922-11472	405	115	0.07627883236396327
FT943-10128	405	357	0.05683814914811412
FT941-17652	405	562	0.04936240537974154
LA020190-0053	405	654	0.043192104707273846
LA011590-0098	405	875	0.041877288066167924
FT922-11525	405	928	0.0383929819620212
LA051790-0095	406	3	0.34988318113262934
LA080489-0045	406	4	0.30052800038317196
LA092790-0006	406	62	0.1806556261029324
LA102890-0062	406	73	0.16929610225059805
FT933-5690	406	92	0.1620718908836986
LA091990-0010	406	185	0.12181132640289602
LA121789-0114	406	186	0.12136086198268244
FT932-7262	406	415	0.09458763449609159
LA011590-0099	406	876	0.060105600076634395
LA012589-0100	407	4	0.20077154808180508
LA050889-0063	407	25	0.1512878685137682
FT941-15416	407	41	0.14310085464737507
FBIS3-60340	407	51	0.13081493435732214
FBIS3-60235	407	70	0.11867016720422179
FT941-15415	407	133	0.09493613376337744
FT933-9176	407	177	0.08756858255111473
FT941-5453	407	202	0.08456601197967402
FT942-10464	407	361	0.06407262090970879
LA100789-0152	407	444	0.05793699586125897
FT942-17238	407	445	0.05769931344905305
LA071590-0042	407	615	0.04983426070755128
FT921-6003	407	622	0.04937171180117311
FBIS3-22269	407	756	0.043918776142894876
FR940505-2-00064	407	775	0.04309358254803647
FT933-7330	407	869	0.039895680720378614
LA112890-0007	407	875	0.039519903162178335
FR941104-1-00054	407	917	0.03775225315920846
FT923-1747	408	4	0.38967246252134496
LA100890-0072	408	6	0.38967246252134496
LA092390-0028	408	11	0.34096340470617686
LA101289-0148	408	15	0.32715522605534286
LA062889-0066	408	16	0.3145503300855427
LA101490-0142	408	18	0.2964221626554089
FT933-8357	408	21	0.2727707237649415
LA062590-0054	408	22	0.2727707237649415
LA011689-0055	408	35	0.2365143889046739
LA091189-0112	408	36	0.2365143889046739
LA062989-0112	408	40	0.2227062102538399
LA101390-0102	408	42	0.20965008327865203
FT923-6592	408	43	0.20889803160300588
LA091189-0051	408	121	0.13638536188247075
LA082690-0108	408	129	0.13086209042213715
LA120389-0130	408	132	0.12594046030232045
LA070589-0011	408	160	0.11825719445233696
FR940728-2-00131	408	162	0.11365446823539228
FR940728-2-00132	408	163	0.11365446823539228
FR940831-2-00127	408	164	0.11365446823539228
FT933-9488	408	167	0.11135310512691995
FBIS4-26004	408	180	0.10444901580150294
FT923-2326	408	187	0.10444901580150294
FT923-3091	408	188	0.10444901580150294
LA020590-0044	408	203	0.10444901580150294
LA100889-0098	408	231	0.10444901580150294
LA101689-0100	408	232	0.10444901580150294
FR940728-2-00129	408	245	0.09741811563033624
FR940812-2-00217	408	246	0.09741811563033624
FR940906-2-00093	408	247	0.09741811563033624
FT943-15451	408	250	0.09460575556186958
LA100590-0178	408	251	0.09460575556186958
LA092089-0139	408	262	0.09139288882631508
LA092789-0093	408	286	0.08704084650125245
FR940727-2-00117	408	287	0.08524085117654422
FT923-5797	408	292	0.08355921264120236
LA091189-0050	408	331	0.08355921264120236
LA100489-0092	408	334	0.08355921264120236
FT924-6225	408	393	0.06963267720100196
FT933-3525	408	398	0.06963267720100196
FR940727-2-00116	408	431	0.06819268094123537
FBIS4-26836	408	433	0.06757553968704968
FBIS4-26718	408	528	0.05912859722616848
FR941207-2-00098	408	529	0.05912859722616848
LA092190-0055	408	532	0.057727231780050264
FT923-6038	408	540	0.05567655256345998
FBIS4-25767	408	579	0.05222450790075147
FT944-17187	408	614	0.05222450790075147
FBIS4-25610	408	699	0.04730287778093479
FBIS4-26774	408	700	0.04730287778093479
FT923-6110	408	773	0.04177960632060118
LA091789-0200	408	846	0.04177960632060118
LA100289-0005	408	848	0.04177960632060118
FR940727-2-00118	408	873	0.039419064817445656
FR941025-2-00049	408	874	0.039419064817445656
LA072389-0078	408	925	0.03730321992910819
FT923-13817	409	9	0.2292062691893204
FT941-758	409	23	0.1740262773931285
FT923-13692	409	57	0.16480723171320585
FT923-11688	409	59	0.16202890950861348
LA120589-0083	409	299	0.07201284867049487
FT921-8099	409	506	0.05942314279846831
FT941-11932	409	782	0.046979526983443924
FBIS4-64577	410	0	0.3485993524303312
FBIS4-44277	410	1	0.3210899705166279
FBIS3-59008	410	2	0.2780360656293297
FT924-1015	410	3	0.251356204935479
FBIS3-59001	410	4	0.23831171306403043
FBIS3-39341	410	6	0.20673721720525406
FT922-751	410	7	0.20673721720525406
FT932-12074	410	8	0.20673721720525406
FT933-16910	410	9	0.20154637237751552
FT924-3822	410	10	0.1946252459405308
FT941-13450	410	11	0.1946252459405308
FT921-7727	410	15	0.15808090572012137
FT934-14160	410	16	0.15808090572012137
FT934-14347	410	17	0.15808090572012137
FT924-5835	410	19	0.15570019675242464
FT932-16523	410	23	0.1539741064898004
FBIS4-44278	410	27	0.15000625821030586
FT941-12878	410	28	0.1459689344553981
FT944-4056	410	29	0.1459689344553981
FT931-14276	410	95	0.11553268647391021
FBIS3-19679	410	108	0.11121442625173188
FT941-16995	410	109	0.11121442625173188
FT924-4549	410	147	0.10336860860262703
FT923-3617	410	151	0.0973126229702654
FT934-6237	410	317	0.08753967538799093
FT924-6924	410	481	0.07785009837621232
FT924-6931	410	482	0.07785009837621232
FT932-17156	410	592	0.07294972948999244
FT944-9461	410	593	0.07294972948999244
LA062090-0079	410	594	0.07294972948999244
FT922-9239	410	955	0.06487508198017693
LA081090-0071	411	3	0.1805744179247809
FT924-1927	411	4	0.1775575949593449
FT944-6915	411	15	0.13161675368738973
LA041589-0050	411	29	0.12103390955407023
FT932-4727	411	37	0.10533507712278885
LA111289-0106	411	133	0.06404968511486478
LA101289-0146	411	171	0.0588139625548483
FT922-4205	411	172	0.057793811238059024
LA041789-0048	411	218	0.049212217695980186
LA100189-0095	411	480	0.030258477388517557
LA053190-0084	411	506	0.029218095039218503
FT933-8545	411	622	0.025049011599941277
LA061889-0115	411	631	0.024606108847990093
LA030589-0073	411	799	0.019877268886951516
FT933-6584	412	17	0.29522714808067263
LA021489-0071	412	30	0.257658461086373
FBIS4-1468	412	53	0.23438678571474808
LA021790-0109	412	73	0.21859399680058167
FT941-4175	412	79	0.2109958223432304
LA091689-0123	412	103	0.19924069665752514
FBIS4-21704	412	170	0.18443346595049545
FBIS3-941	412	180	0.18052792596031098
FBIS4-570	412	181	0.18052792596031098
LA010589-0125	412	182	0.18052792596031098
FBIS4-571	412	192	0.1743356095753345
FBIS4-23993	412	303	0.16423775320017353
LA060989-0095	412	305	0.16423775320017353
LA021489-0026	412	321	0.15895919561279945
FT941-4724	412	326	0.1585152647571815
FBIS3-19120	412	330	0.1575058489500662
FT931-6812	412	334	0.15592566362025492
LA090490-0151	412	354	0.15233948191459698
FBIS3-60767	412	369	0.15043993830025915
FBIS3-52981	412	370	0.15016159963384268
LA031989-0099	412	422	0.14379153565007677
FT941-15843	412	423	0.1433740276504521
FBIS3-43990	412	466	0.14058435622889173
FBIS4-19994	412	478	0.13828334866290914
FBIS4-22140	412	479	0.13828334866290914
FBIS4-1393	412	531	0.13340142367517852
FBIS3-12680	412	533	0.13298391567555384
FBIS4-68195	412	611	0.13021639168329557
FBIS3-23020	412	612	0.1299380530168791
LA123089-0060	412	724	0.12311568870018644
FBIS3-12129	412	725	0.12301131170028026
FT942-16387	412	781	0.11755125685705234
LA021989-0162	412	848	0.11469922212036165
LA050189-0003	412	849	0.11469922212036165
FBIS3-18970	412	863	0.11314308472491287
FBIS3-23335	412	864	0.11314308472491287
FBIS3-19158	412	912	0.1097145063999155
FBIS3-23336	412	975	0.10957533706670729
FT941-4211	412	993	0.10753052073783906
FBIS4-4864	413	8	0.3571413077925749
FBIS3-46901	413	10	0.350235306441749
FBIS4-53869	413	32	0.28421222954413683
FT933-15473	413	71	0.24955877104513335
FBIS4-53870	413	79	0.2470131575725236
FT944-1455	413	133	0.2211422209230645
FT944-10038	413	148	0.21699298844894516
FT923-9281	413	150	0.2164803466499825
FT944-14233	413	189	0.20408074731004278
FT923-15658	413	207	0.19891585085448188
FBIS3-21213	413	228	0.19439656645586603
FT922-11333	413	279	0.1817526707370496
FT941-10452	413	301	0.17857065389628746
FT922-11549	413	309	0.17359439075915611
FT932-15853	413	324	0.17359439075915611
FBIS4-53871	413	353	0.17205646536226826
FT933-12902	413	361	0.17135158288869465
FT943-10945	413	381	0.16576320904540157
FBIS4-26422	413	394	0.16184761818852425
FT923-9006	413	395	0.16184761818852425
FT924-6067	413	396	0.16184761818852425
FT924-1650	413	420	0.1589109250458663
FT923-13332	413	458	0.15479955464614517
FT942-6296	413	466	0.15461451857355943
FBIS4-66436	413	471	0.1518950919142616
FT922-11720	413	473	0.1518950919142616
FT932-13891	413	492	0.15010084561789241
LA061290-0124	413	496	0.15010084561789241
FBIS4-53872	413	525	0.14683753362673502
FT931-7352	413	540	0.1448806970295754
FT942-8279	413	552	0.14390104594792255
FT941-3362	413	563	0.14107349970655841
FT944-17588	413	565	0.14104544249181433
FT921-10554	413	617	0.1372116262009718
FT923-10837	413	618	0.1370812663109557
FT941-9344	413	635	0.1353703091414117
FT944-12759	413	709	0.12865786767247922
FT922-11476	413	720	0.1278034646742082
FT922-10730	413	746	0.12432240678405115
FBIS4-27797	413	787	0.12231440115616486
FT922-11827	413	814	0.12063977266493099
FBIS4-20648	413	824	0.12004002891911633
FT944-4626	413	875	0.1162582683325395
FT942-15017	413	920	0.11283635399345147
FT922-7622	413	953	0.11057111046153224
FT932-13620	413	970	0.10849649422447258
FT921-9644	414	14	0.26125043791495656
FT944-12369	414	36	0.22084917759425937
FT921-14610	414	49	0.20632085955155707
FT942-16668	414	56	0.20002729253612286
FT921-8126	414	77	0.18760763567014202
FBIS4-10373	414	98	0.1784013820800672
FBIS4-34643	414	99	0.17838787621908192
FBIS3-12046	414	118	0.17417560115395747
FT922-8462	414	157	0.16446460869168084
FT932-13478	414	168	0.15757757146997703
FBIS4-10797	414	182	0.15126162487985248
FT931-8550	414	261	0.14442460168608998
FT944-11926	414	303	0.13338214232955783
FBIS4-10025	414	330	0.1309925671699054
FBIS4-10222	414	358	0.12760448634882282
FBIS4-62804	414	362	0.12625123770718294
FBIS3-17768	414	364	0.12617140549882472
FBIS4-9785	414	399	0.12509850807080256
FT932-13472	414	404	0.12475482587610036
FBIS4-9866	414	547	0.11576350804814212
FBIS3-36211	414	571	0.11030430002898395
FBIS4-38629	414	699	0.10471746236291729
FBIS4-34324	414	775	0.10220387784720401
LA050690-0129	414	967	0.09194485848001223
FT921-3261	415	0	0.2753622337457758
FBIS3-60083	415	3	0.22097642537185133
FBIS4-2802	415	28	0.16993581601552596
FBIS4-21166	415	49	0.15606961313177561
FBIS3-60025	415	99	0.13881169021667225
FBIS4-26800	415	207	0.12442798396702213
FBIS4-26902	415	212	0.12287862959991873
FBIS4-26801	415	268	0.11737226852957006
FBIS4-45563	415	382	0.11074570207663718
FBIS3-26005	415	432	0.10693779301226508
FBIS3-41163	415	433	0.10693779301226508
LA121690-0051	415	491	0.10171148328756252
FBIS4-45575	415	496	0.10009665206707262
FBIS4-26653	415	512	0.09861277455335565
FBIS3-41110	415	528	0.09706342018625223
FBIS3-48526	415	537	0.09706342018625223
LA032889-0059	415	695	0.09706342018625223
FBIS4-26397	415	811	0.09190100944963814
FBIS4-45564	415	812	0.09190100944963814
FBIS3-2893	415	885	0.08850928941828506
FBIS3-21943	415	886	0.08850928941828506
FBIS3-46302	415	935	0.08673859871302401
FBIS4-52946	415	940	0.08596339557437299
FBIS4-67209	415	941	0.08596339557437299
FBIS4-28073	415	961	0.0849304926629707
FBIS4-66355	416	3	0.3239098990763443
FBIS3-44551	416	4	0.31470411700784223
FBIS3-46276	416	5	0.3140334806473164
FBIS4-44554	416	11	0.26811118706865084
FBIS4-44586	416	12	0.26811118706865084
FT921-3244	416	13	0.2620298853863599
FBIS4-3217	416	21	0.23569276957561874
FBIS4-49091	416	24	0.218134692368458
FBIS3-45658	416	29	0.20908739922066727
FBIS3-4089	416	34	0.1958517776792441
FBIS3-46009	416	38	0.19202112201122545
FBIS3-20616	416	48	0.17676957718171407
FBIS3-45857	416	53	0.17018529822902878
FBIS3-45816	416	58	0.1647811435412006
FBIS4-2026	416	60	0.1636010192763435
FBIS3-3877	416	67	0.15721793123181593
FBIS4-4262	416	102	0.13614823858322303
FT941-12849	416	189	0.11963180215135863
FBIS3-20606	416	211	0.11599074118697374
FT922-14361	416	360	0.10476165642750454
FBIS3-26655	416	361	0.1046778268824388
FT922-14835	416	486	0.09167692806719968
FT934-14736	416	690	0.08401051605016138
FBIS4-1561	416	925	0.07703431967995256
LA092989-0114	417	2	0.44684528500271276
LA092989-0098	417	3	0.3679902347081164
LA093089-0065	417	8	0.2978968566684752
FT931-12874	417	9	0.28913518441352004
LA101489-0015	417	19	0.24032015327876988
LA093090-0112	417	20	0.23130814753081605
FT933-15822	417	21	0.21028013411892366
LA072990-0201	417	25	0.21028013411892366
LA010990-0070	417	30	0.17523344509910305
LA091489-0178	417	37	0.16822410729513892
LA061789-0140	417	42	0.15771010058919274
LA112089-0015	417	44	0.1502000957992312
FT923-11128	417	47	0.14018675607928244
FT944-4861	417	59	0.13142508382432727
FT932-10258	417	65	0.12266341156937215
FT921-3013	417	67	0.12016007663938494
LA061090-0238	417	79	0.11565407376540802
FT923-12432	417	87	0.10514006705946183
LA061689-0103	417	118	0.10514006705946183
LA112589-0072	417	132	0.10514006705946183
LA010689-0154	417	137	0.09763006226950027
FBIS4-29097	417	139	0.0919975586770291
FBIS4-29117	417	140	0.0919975586770291
FT944-4744	417	150	0.08761672254955152
FT942-8984	417	217	0.07885505029459637
FT943-10814	417	222	0.0751000478996156
LA062290-0047	417	224	0.0751000478996156
LA100790-0251	417	226	0.07359804694162328
FT933-11035	417	258	0.07009337803964122
LA022189-0094	417	265	0.07009337803964122
FT934-8117	417	303	0.06571254191216364
LA061090-0142	417	306	0.06571254191216364
FT924-10412	417	312	0.0630840402356771
FT943-11620	417	317	0.0630840402356771
LA100990-0018	417	324	0.0630840402356771
FT921-4882	417	444	0.052570033529730914
FT921-8725	417	446	0.052570033529730914
FT924-9247	417	459	0.052570033529730914
FT941-4932	417	487	0.052570033529730914
FT941-4934	417	488	0.052570033529730914
FT943-1287	417	501	0.052570033529730914
FT943-16131	417	502	0.052570033529730914
FT944-10618	417	507	0.052570033529730914
FBIS3-26613	417	582	0.04506002873976935
LA050390-0140	417	731	0.04205602682378473
FT942-8697	417	790	0.039427525147298186
LA012890-0118	417	796	0.039427525147298186
LA021289-0195	417	798	0.039427525147298186
LA020789-0111	417	814	0.0375500239498078
FT921-2337	417	867	0.03504668901982061
FT931-4669	417	885	0.03504668901982061
LA051889-0088	418	1	0.5344319617151314
LA102189-0167	418	2	0.5316191619166308
LA060890-0107	418	5	0.38575540093723776
LA081189-0137	418	6	0.38575540093723776
LA102890-0220	418	9	0.2812799798500692
LA060890-0112	418	11	0.265206838144351
FT941-15243	418	110	0.14465827535146417
LA012690-0047	418	680	0.08438399395502076
LA112989-0123	419	37	0.17943120497227896
LA121389-0085	419	47	0.1682896108238169
FT934-9592	419	64	0.15571577867048914
LA040190-0174	419	96	0.15070900874972162
FT941-17541	419	678	0.05561277809660326
LA121590-0108	420	3	0.3022003095571051
LA020689-0022	420	5	0.25487265064928216
LA010390-0086	420	12	0.2352471603957114
LA011989-0129	420	19	0.19115448798696164
FT933-12612	420	21	0.17650005095856805
LA032989-0021	420	22	0.17650005095856805
LA121890-0152	420	27	0.1725490806431401
LA010389-0040	420	29	0.16176476310294385
LA012489-0059	420	31	0.15810115384584544
LA010489-0041	420	41	0.1494988316944621
LA112990-0231	420	43	0.1437909005359501
LA101590-0075	420	62	0.11766670063904537
LA121289-0035	420	63	0.1176235801978557
FT933-12618	420	105	0.1008571719763246
FR940602-1-00058	420	232	0.07354168789940337
LA121389-0123	420	233	0.07282075732836633
LA040390-0017	420	248	0.07060002038342722
LA012690-0020	420	337	0.058833350319522686
LA121590-0131	420	619	0.04271395191270346
LA121690-0122	420	620	0.04271395191270346
LA081490-0030	420	790	0.037639444408702045
LA120389-0074	420	816	0.03530001019171361
FBIS4-67486	420	880	0.03138818578872895
FBIS3-4717	421	54	0.18278969118354452
FBIS4-21427	421	57	0.18120385282500462
FR941013-1-00068	421	76	0.16605392789436593
FBIS3-22301	421	100	0.15667687815732387
FBIS3-60325	421	126	0.14590827658658603
FBIS4-45750	421	139	0.1436971241547875
FR941013-1-00066	421	148	0.14154039638831026
FBIS3-2468	421	186	0.13395567544449902
FT934-17401	421	190	0.13361434953740553
FR940511-1-00080	421	217	0.12874362518226126
FT924-8720	421	228	0.12720842238864602
FBIS3-22136	421	249	0.12386825608926695
FR940830-1-00062	421	251	0.12386825608926695
FBIS3-22199	421	259	0.12233398224322169
FBIS3-22249	421	278	0.12010991824289576
FBIS4-20692	421	289	0.1185273973012589
FR940511-1-00086	421	383	0.10983555289025153
FT942-15896	421	420	0.10800975230521187
FBIS4-21485	421	485	0.10144275934954315
FBIS4-27645	421	495	0.10094514008721356
FBIS3-22419	421	596	0.09367094124197305
LA081089-0038	421	616	0.09220353649239627
FT934-17408	421	623	0.09151159520250914
LA080389-0074	421	693	0.08759335966777644
FBIS4-45748	421	707	0.08711460961335411
FR940830-1-00063	421	710	0.08705975141157724
LA091290-0106	421	751	0.08501419957041677
FBIS4-67546	421	891	0.07885148116002189
FT944-14191	422	0	0.27741846709755885
LA101489-0065	422	1	0.25762469427750245
LA062690-0167	422	5	0.2163112556648593
FT943-11457	422	8	0.199816444981479
LA111689-0149	422	9	0.199816444981479
FT934-11678	422	10	0.19554307658463857
FT931-5346	422	12	0.18494564473170585
FT921-12679	422	19	0.17737605055103967
LA021489-0070	422	25	0.1730490045318874
FT934-9905	422	26	0.16915137949123013
LA120189-0116	422	28	0.16848722066936964
LA051889-0110	422	30	0.16450226773820664
FT923-1946	422	31	0.15907100238682373
FT921-14982	422	34	0.1552040442321597
LA010390-0051	422	50	0.14452062324005877
LA040490-0103	422	51	0.14452062324005877
LA062090-0083	422	52	0.14452062324005877
LA091390-0023	422	53	0.14452062324005877
LA042190-0125	422	73	0.13870923354877943
FT943-7186	422	86	0.13346145889177471
LA113089-0050	422	87	0.12881234713875123
FT932-15804	422	93	0.12416323538572777
LA110590-0139	422	101	0.12416323538572777
FT921-10515	422	106	0.12221442286539912
LA032990-0225	422	107	0.12221442286539912
LA092890-0107	422	108	0.12221442286539912
FT931-5187	422	121	0.11834016307121288
LA121289-0148	422	122	0.11687271236934865
LA110690-0009	422	151	0.11121788240981227
LA110789-0019	422	152	0.11121788240981227
LA092490-0081	422	154	0.11096738683902352
FT934-9676	422	160	0.10807601370821603
LA062290-0062	422	181	0.10501648994373676
FT911-1291	422	188	0.1034693628214398
FT932-15805	422	190	0.1034693628214398
LA031390-0145	422	196	0.1034693628214398
FT911-2080	422	202	0.10197120171272976
LA091990-0164	422	245	0.0999082224907395
FT942-9989	422	249	0.09777153829231928
LA013089-0103	422	250	0.09777153829231928
LA021390-0148	422	251	0.09777153829231928
LA062990-0029	422	253	0.09777153829231928
LA032090-0091	422	256	0.09757490464680112
LA082090-0071	422	268	0.09532961349412479
FT921-4371	422	445	0.08868802527551983
FT943-5407	422	453	0.08825623655009197
LA060190-0020	422	464	0.08457568974561507
LA113089-0142	422	470	0.08341341180735919
FT944-6708	422	485	0.08147628191026608
LA102190-0021	422	487	0.08137066344798478
LA091389-0057	422	488	0.08119120433694169
LA032190-0154	422	500	0.07992657799259159
FT921-406	422	503	0.07870060875496483
FT911-1128	422	528	0.07760202211607985
FT934-2307	422	535	0.07760202211607985
LA010389-0024	422	539	0.07760202211607985
FT944-5212	422	678	0.07137984119891083
LA042389-0111	422	723	0.07137984119891083
LA022389-0077	422	828	0.07047974145467922
LA122789-0037	422	829	0.07047974145467922
FT931-5189	422	836	0.06983681306594236
LA061389-0090	422	963	0.06673072944588736
FT944-12689	423	1	0.21481171228393173
FBIS4-31557	423	4	0.1868862587152056
FT942-11666	423	26	0.12632805367792993
FT933-2528	423	43	0.10932666795841313
FT943-7734	423	92	0.09207279165730453
FBIS3-9261	423	105	0.07954132965109263
FT944-439	423	119	0.07447883413881767
FBIS4-32072	423	158	0.06483358883797012
FT933-2532	423	186	0.061019147970384595
FBIS4-30975	423	228	0.05162738550889323
FBIS4-32534	423	237	0.04766763668291443
FBIS4-8644	423	299	0.04024122383166697
FBIS4-55851	423	300	0.03996447235739627
FT934-1562	423	350	0.0371192871705099
FBIS4-32111	423	379	0.03437752152491763
FBIS4-55493	423	443	0.027101975308015027
FBIS3-30431	423	488	0.025265610735585985
FBIS4-31844	423	586	0.020812911074380474
FBIS4-8497	423	695	0.01678777015595871
FBIS4-31149	423	894	0.011599777240784342
FT943-6959	424	9	0.38243304090681834
LA012789-0022	424	13	0.35853097585014215
LA121590-0063	424	18	0.334628910793466
FT933-7928	424	23	0.3186942007556819
LA092290-0086	424	43	0.2731664577905845
FBIS3-18726	424	44	0.23902065056676144
FBIS4-31390	424	49	0.23902065056676144
FT924-12496	424	52	0.23902065056676144
FT924-12871	424	53	0.23902065056676144
LA012989-0018	424	55	0.23902065056676144
LA012989-0102	424	56	0.23902065056676144
LA080989-0007	424	66	0.23902065056676144
LA082490-0158	424	69	0.23902065056676144
LA082790-0107	424	70	0.23902065056676144
LA121390-0235	424	73	0.23902065056676144
LA060690-0053	424	75	0.22194774695484992
LA100490-0210	424	77	0.20914306924591627
FBIS3-10130	424	83	0.1991838754723012
FBIS3-55094	424	85	0.1991838754723012
FBIS3-55309	424	87	0.19121652045340917
FT921-7444	424	88	0.19121652045340917
LA061690-0006	424	103	0.19121652045340917
LA091490-0134	424	108	0.19121652045340917
LA012889-0122	424	116	0.17926548792507108
LA100490-0206	424	120	0.17926548792507108
FT932-14313	424	122	0.167314455396733
LA121490-0059	424	124	0.167314455396733
FT932-13258	424	132	0.15934710037784094
LA032290-0025	424	140	0.15934710037784094
LA082590-0096	424	155	0.15536342286839494
LA032290-0139	424	160	0.14341239034005687
LA080690-0126	424	162	0.14341239034005687
FBIS3-12194	424	203	0.11951032528338072
FBIS3-55480	424	208	0.11951032528338072
FBIS3-57550	424	212	0.11951032528338072
FT932-14344	424	221	0.11951032528338072
LA030890-0022	424	233	0.11951032528338072
LA030890-0107	424	234	0.11951032528338072
LA090789-0050	424	256	0.11951032528338072
LA101790-0084	424	263	0.11951032528338072
LA090890-0037	424	277	0.0995919377361506
FBIS3-10182	424	278	0.09560826022670459
FBIS3-23117	424	280	0.09560826022670459
FBIS3-35492	424	282	0.09560826022670459
LA030690-0166	424	320	0.09560826022670459
LA052689-0092	424	330	0.09560826022670459
LA060989-0073	424	333	0.09560826022670459
LA072190-0088	424	341	0.09560826022670459
LA081090-0177	424	346	0.09560826022670459
LA082090-0051	424	349	0.09560826022670459
LA120690-0238	424	364	0.09560826022670459
LA090990-0089	424	376	0.08963274396253554
LA073190-0119	424	381	0.08536451805955766
FBIS3-55310	424	388	0.07967355018892047
FT941-17183	424	408	0.07967355018892047
LA011690-0095	424	419	0.07967355018892047
LA062990-0013	424	435	0.07967355018892047
LA063089-0041	424	436	0.07967355018892047
LA080190-0103	424	442	0.07967355018892047
LA080190-0145	424	443	0.07967355018892047
LA121790-0008	424	462	0.07967355018892047
LA033189-0141	424	464	0.07469395330211295
FT924-14420	424	467	0.07170619517002844
LA032989-0117	424	470	0.07170619517002844
FBIS3-54038	424	474	0.06829161444764613
FBIS3-55960	424	476	0.06829161444764613
FBIS3-57348	424	478	0.06829161444764613
FBIS4-55325	424	485	0.06829161444764613
FT923-11076	424	493	0.06829161444764613
FT943-11450	424	511	0.06829161444764613
FT943-17076	424	512	0.06829161444764613
LA011090-0118	424	516	0.06829161444764613
LA011990-0073	424	519	0.06829161444764613
LA021989-0175	424	521	0.06829161444764613
LA032290-0035	424	522	0.06829161444764613
LA032990-0042	424	524	0.06829161444764613
LA050189-0011	424	528	0.06829161444764613
LA051789-0109	424	529	0.06829161444764613
FBIS3-21279	424	563	0.05975516264169036
FBIS4-19164	424	570	0.05975516264169036
FT921-15121	424	582	0.05975516264169036
FT933-7846	424	593	0.05975516264169036
FT933-12026	424	595	0.05975516264169036
FT944-2004	424	614	0.05975516264169036
FT944-2219	424	615	0.05975516264169036
LA041689-0205	424	632	0.05975516264169036
LA072990-0051	424	642	0.05975516264169036
LA120890-0014	424	664	0.05975516264169036
LA090990-0214	424	668	0.05477556575488283
LA081090-0101	424	680	0.05121871083573459
FBIS3-55095	424	696	0.04780413011335229
FBIS3-55312	424	697	0.04780413011335229
FT941-5469	424	743	0.04780413011335229
LA011490-0150	424	752	0.04780413011335229
LA052790-0238	424	764	0.04780413011335229
LA052990-0081	424	765	0.04780413011335229
LA081889-0028	424	779	0.04780413011335229
LA082289-0092	424	781	0.04780413011335229
LA011890-0174	424	800	0.04481637198126777
LA090190-0008	424	805	0.04481637198126777
LA090990-0133	424	806	0.04481637198126777
FBIS4-1032	424	817	0.039836775094460236
FBIS4-27824	424	824	0.039836775094460236
FT924-1588	424	842	0.039836775094460236
LA050689-0099	424	888	0.039836775094460236
LA083090-0052	424	901	0.039836775094460236
LA092490-0080	424	904	0.039836775094460236
LA012090-0062	424	921	0.03585309758501422
FT933-3666	424	988	0.034145807223823064
FT933-12265	424	995	0.034145807223823064
LA102189-0077	425	0	0.465047764644342
LA071389-0111	425	1	0.4068811052921124
LA122989-0066	425	2	0.38154025814057246
LA040789-0048	425	3	0.36627864781494957
FBIS4-27397	425	4	0.35610424093120097
FBIS4-58263	425	5	0.3458346639896208
FBIS3-58171	425	7	0.3432970103972981
FBIS4-46741	425	8	0.34075935680497543
FBIS4-26260	425	10	0.29782881579859244
FBIS3-10532	425	12	0.2797664486600141
FBIS4-19819	425	13	0.2712778627091995
FBIS3-44736	425	14	0.254360172093715
FBIS3-54773	425	17	0.25430069080757023
LA041389-0052	425	19	0.24418576520996638
FBIS4-42716	425	21	0.2180230046517557
FBIS4-24739	425	23	0.21366254455872058
FT921-14379	425	26	0.20336917510268251
FBIS4-66565	425	28	0.19077012907028623
LA091590-0091	425	29	0.18881731347271458
LA022289-0114	425	30	0.186451484487198
FBIS4-47199	425	33	0.18225180247639924
FBIS4-36719	425	35	0.17799263917945576
FT921-14233	425	36	0.17441840372140455
FT921-12539	425	41	0.1716931161632576
FBIS4-42384	425	45	0.15981555813188397
FBIS4-46047	425	46	0.15981555813188397
FBIS3-2963	425	48	0.15261610325622899
FBIS4-23355	425	51	0.15261610325622899
LA071989-0120	425	54	0.15261610325622899
FBIS4-10558	425	57	0.144097776662342
FBIS4-21186	425	58	0.144097776662342
LA110890-0039	425	59	0.1423941113435646
LA101890-0111	425	60	0.13983861336539852
LA122889-0074	425	61	0.13974939143618142
FT921-14192	425	66	0.135579450068455
FT944-18638	425	77	0.12706112347456802
FBIS4-13432	425	80	0.12209288260498319
FT923-4117	425	82	0.12209288260498319
FBIS3-45903	425	89	0.1186617594529705
LA022490-0076	425	91	0.116981886648651
FT942-15025	425	111	0.10174406883748599
FT943-7529	425	113	0.10174406883748599
LA031590-0166	425	116	0.1017291985159498
FT943-14585	425	117	0.1017202763230281
FBIS3-36841	425	118	0.10168458755134126
FT931-2762	425	119	0.10168458755134126
LA022390-0067	425	163	0.0890141639755713
LA040589-0068	425	174	0.08720920186070227
FBIS4-2072	425	192	0.08476689693585675
FBIS4-21094	425	193	0.08476689693585675
FT933-6924	425	194	0.08470741564971201
FBIS3-22682	425	204	0.08134767004107302
FBIS4-62084	425	205	0.08134767004107302
FBIS4-34522	425	239	0.07630805162811449
FBIS4-45244	425	240	0.07630805162811449
FT934-8670	425	245	0.07630805162811449
FT942-1428	425	247	0.07630805162811449
FBIS4-59139	425	253	0.07628574614581021
FBIS3-23846	425	344	0.0677897250342275
FT933-13344	425	345	0.0677897250342275
FBIS4-45204	425	389	0.0654069013955267
FBIS4-57870	425	391	0.0654069013955267
FBIS3-59990	425	443	0.061046441302491594
FBIS4-17015	425	444	0.061046441302491594
LA101589-0077	425	456	0.06093937498743108
FBIS4-68371	425	541	0.05809273261087828
FBIS3-21770	425	624	0.055071716429541756
FT941-3920	425	649	0.050872034418742995
FBIS4-10763	425	657	0.05082444938982721
FBIS4-22053	425	658	0.05082444938982721
LA121790-0084	426	7	0.2042226395398791
LA070390-0036	426	25	0.16440192606671264
LA011190-0201	426	26	0.1642124259289243
FT923-9485	426	64	0.13614842635991942
LA011189-0135	426	71	0.13614842635991942
LA030390-0076	426	95	0.13508077477913435
LA120590-0046	426	134	0.1166986511656452
LA092790-0013	426	152	0.11183620736707667
LA082789-0196	426	166	0.10891874108793553
LA082789-0056	426	198	0.10211131976993955
LA081390-0047	426	234	0.09530389845194359
LA011089-0138	426	251	0.09076561757327961
LA091190-0167	426	257	0.09076561757327961
LA032690-0008	426	263	0.08934740479869711
LA012789-0145	426	279	0.08509276647494964
LA112589-0119	426	312	0.08269988676952232
LA113089-0146	426	332	0.08168905581595165
LA061190-0093	426	344	0.07941991537661967
LA090190-0139	426	345	0.07941991537661967
LA051289-0078	426	378	0.0777991007770968
LA092589-0043	426	386	0.0777991007770968
LA050990-0092	426	400	0.07658348982745468
LA072989-0111	426	512	0.0681189457394595
FBIS4-45241	426	513	0.06807421317995971
LA020789-0135	426	536	0.06807421317995971
LA022289-0117	426	539	0.06807421317995971
LA051889-0015	426	547	0.06807421317995971
LA052289-0086	426	548	0.06807421317995971
LA031490-0004	426	592	0.06760774814689034
LA072889-0063	426	761	0.062446094641129525
LA100189-0103	426	782	0.06126679186196374
FT931-16885	426	787	0.061133884920135745
LA052890-0098	426	824	0.059564936532464745
LA030389-0143	426	875	0.0583493255828226
LA042490-0008	426	876	0.0583493255828226
LA061289-0077	426	877	0.0583493255828226
LA082089-0008	427	1	0.24629577501785746
FT923-10771	427	3	0.18361251471652426
FT933-1362	427	7	0.14188759869301862
LA121889-0073	427	13	0.11939668628825369
LA080590-0077	427	22	0.11076938937493362
FBIS3-41575	427	172	0.07303058098494321
FT924-7120	427	175	0.07147981306820698
FT943-5736	427	275	0.061360292521072224
LA021689-0113	427	307	0.05839515052775187
FT922-7705	427	452	0.052855953310920904
FR941028-2-00213	427	505	0.05041382441357259
LA102490-0132	427	513	0.04743636796210368
LA030289-0123	427	947	0.03964478531409813
FT943-11076	428	11	0.16245783261011612
FBIS4-68624	428	14	0.15900153420604635
FBIS4-38972	428	45	0.12076245586845642
FT941-16778	428	87	0.11337984155224562
FBIS3-24384	428	92	0.10888404035030404
FBIS3-46698	428	111	0.10331107700990581
LA090990-0090	428	129	0.1013934182243728
FT943-9226	428	189	0.09540127750522352
FBIS4-47098	428	311	0.08458373570788769
FT941-9415	428	360	0.08161802700867786
FBIS4-62081	428	364	0.08088732307930051
FBIS4-3960	428	424	0.07858613253666091
FT943-8321	428	558	0.07355828116292608
FBIS4-16198	428	571	0.07242489010768259
FT932-7972	428	643	0.07143092972064785
FBIS3-61443	428	672	0.07052785756249165
LA043089-0062	428	705	0.06970842125625093
FBIS3-60425	428	714	0.06912973917800826
FT941-9688	428	835	0.06633737034342178
LA062090-0050	429	0	0.3868831628608633
LA110389-0072	429	2	0.3585014728361915
LA010590-0062	429	3	0.34790956027974396
FT932-10547	429	4	0.33134243836166094
FR940920-2-00083	429	11	0.231559325126452
FR940202-2-00109	429	72	0.16296373709153295
FT943-1146	429	131	0.12864406951469556
FBIS3-41744	429	404	0.08269975897373286
FR940405-1-00055	429	557	0.07224341981241919
FT911-4886	430	1	0.48570327194951196
LA061589-0055	430	3	0.2981235036833512
LA082889-0051	430	7	0.2867449811546447
LA080389-0111	430	8	0.2811503498038011
LA073089-0143	430	12	0.23661393597697009
LA121690-0053	430	16	0.19580607282867946
FBIS4-44738	431	0	0.4698442371237809
FT922-4414	431	2	0.44889173019999035
FBIS3-46247	431	3	0.4425430555539679
FT944-18195	431	4	0.4190501384758102
FBIS3-40223	431	5	0.41889165668364914
FBIS4-44737	431	6	0.41185466044499863
LA030589-0277	431	7	0.3706691944004988
FT931-6266	431	8	0.342224279755245
FBIS3-20965	431	9	0.3400027921351127
FBIS3-40531	431	10	0.33511332534691934
FT922-9444	431	11	0.330891127603729
FT941-15546	431	13	0.3182245343741581
FT941-1242	431	15	0.30639079331239594
FBIS3-4413	431	16	0.29333509693306714
LA120490-0171	431	19	0.29333509693306714
FT911-129	431	20	0.2806685037034962
FBIS3-20967	431	21	0.27222410821711557
FBIS3-3923	431	23	0.26518711197846506
FT923-4774	431	24	0.2605571844166042
FBIS3-1903	431	25	0.2595575149875447
FBIS3-40420	431	28	0.24611271545845798
FBIS3-59694	431	29	0.24611271545845798
LA081490-0052	431	31	0.24444591411088928
FBIS3-1764	431	32	0.24266872401478343
FT924-11363	431	33	0.23466807754645372
FBIS4-22880	431	35	0.22963233993683677
FBIS4-44650	431	41	0.20622371140717552
FT942-5669	431	42	0.20592733022249932
FBIS3-40520	431	44	0.2000021748058661
LA020690-0057	431	48	0.18722341018333744
FBIS3-1902	431	57	0.17600105815984027
FBIS4-44733	431	60	0.17333568439516323
LA020889-0003	431	67	0.16762005539032407
FBIS3-59639	431	68	0.16759364175829725
FT941-13625	431	70	0.16740874633410938
FT933-2180	431	71	0.16711291365540878
FBIS4-44855	431	74	0.16472364888856847
FT932-769	431	75	0.16361221944603282
FBIS3-20966	431	81	0.15703814740032146
FT922-8032	431	122	0.14222347621431783
FBIS4-44769	431	123	0.1411124581512639
FBIS4-44815	431	143	0.1300012490720203
LA070289-0024	431	151	0.12571504154274304
FBIS3-40533	431	152	0.12555655975058203
FT911-135	431	200	0.12277901459294718
FT921-3682	431	202	0.11851956351193152
FT942-13969	431	203	0.11851956351193152
FBIS3-40516	431	216	0.11500106539260627
FT921-8893	431	232	0.1128899665210111
LA092189-0061	431	293	0.10472291417091228
FT933-12567	431	294	0.10444557103463048
LA060289-0087	431	361	0.09944516699192442
FT932-6741	431	373	0.09666762183428956
FT931-2017	431	443	0.09222327532908603
FT942-12501	431	450	0.09037157855732945
FT922-11806	431	483	0.08888967263394863
LA080490-0157	431	486	0.08800052907992013
FT934-5377	431	533	0.08381002769516203
LA112189-0062	431	633	0.07844511553048558
FT923-7461	431	634	0.07833417827597286
FBIS3-59512	431	775	0.0740747271949572
LA042490-0150	431	783	0.07333377423326679
LA042689-0150	431	784	0.07333377423326679
FT923-11658	431	912	0.06916745649681452
FT934-4378	431	938	0.06666725447546148
FBIS3-21244	431	953	0.06527848189664406
FBIS3-48260	431	958	0.06361236618154482
LA102989-0052	431	962	0.06266734262077829
FBIS4-68220	431	963	0.06225826149476263
LA042589-0108	432	108	0.11150207228686033
FBIS3-54829	434	4	0.306614964367133
FBIS3-15834	434	5	0.29674615585805186
FT921-14225	434	7	0.282615386531478
FT921-14237	434	8	0.282615386531478
FBIS3-16061	434	11	0.24728846321504325
FBIS4-16114	434	22	0.24728846321504325
FBIS4-17043	434	23	0.24728846321504325
FBIS4-47091	434	26	0.24728846321504325
FBIS4-60768	434	27	0.24728846321504325
FBIS4-64172	434	30	0.24728846321504325
FT921-11996	434	31	0.24728846321504325
FT921-16535	434	32	0.24728846321504325
FT943-539	434	36	0.2373871832495041
FT943-14253	434	37	0.2367531322564432
FBIS4-17273	434	38	0.23573696992191423
FBIS3-16062	434	56	0.2119615398986085
FBIS4-46816	434	57	0.2119615398986085
FBIS3-15833	434	63	0.20607371934586938
FBIS4-15140	434	68	0.20607371934586938
FT942-7099	434	76	0.20607371934586938
FT923-3167	434	77	0.1990501653734693
FBIS3-24322	434	80	0.1978307705720346
FBIS4-22418	434	96	0.19452222605274036
FBIS3-16392	434	97	0.1942980782403911
FBIS4-38646	434	101	0.18934743825762154
FBIS4-25870	434	124	0.18546634741128243
FBIS4-39217	434	126	0.18546634741128243
FBIS4-47102	434	129	0.18546634741128243
FBIS4-47185	434	130	0.18546634741128243
FT922-2140	434	136	0.18546634741128243
FBIS4-62603	434	139	0.18396897862027978
FBIS4-15983	434	141	0.1779795034562692
FBIS3-14907	434	143	0.17663461658217375
FBIS4-15142	434	151	0.17663461658217375
FBIS4-15987	434	152	0.17663461658217375
FBIS4-61895	434	156	0.17663461658217375
FBIS4-61896	434	157	0.17663461658217375
FBIS3-36470	434	164	0.17310192425053025
FBIS4-40354	434	168	0.17310192425053025
FBIS4-62735	434	172	0.17310192425053025
FBIS4-25407	434	174	0.17010718666852498
FBIS4-46718	434	175	0.17001081846034224
FBIS3-54830	434	176	0.16813910747158892
FBIS4-17047	434	177	0.16813910747158892
FBIS4-40243	434	191	0.16485897547669548
FBIS4-61838	434	193	0.16485897547669548
FT921-862	434	195	0.16485897547669548
FBIS4-61316	434	201	0.16236336082502442
FBIS3-17476	434	202	0.16134719849049547
FBIS4-38559	434	206	0.15683205665109545
FBIS3-15829	434	207	0.15455528950940203
FBIS4-17045	434	217	0.15455528950940203
FBIS4-38917	434	219	0.15455528950940203
FBIS3-16387	434	225	0.1508118675318954
FBIS4-19295	434	243	0.14837307792902593
FBIS4-25790	434	244	0.14837307792902593
FT942-7984	434	249	0.14837307792902593
FBIS3-42852	434	250	0.14831625288022435
FBIS4-68650	434	252	0.14589166953955526
FBIS4-15820	434	257	0.14425160354210856
FBIS4-16866	434	258	0.14425160354210856
FBIS4-15668	434	274	0.141307693265739
FBIS4-61013	434	278	0.141307693265739
FBIS3-15945	434	289	0.13909976055846182
FBIS3-17997	434	290	0.13909976055846182
FBIS4-40866	434	291	0.13909976055846182
FBIS3-15427	434	292	0.13816390506408516
FBIS4-40143	434	294	0.13722804956970852
FBIS4-15821	434	295	0.13702949672001716
FBIS3-23779	434	296	0.13676475958709533
FBIS3-23777	434	303	0.13314840587367804
FBIS4-16867	434	304	0.13270011024897954
FT942-6977	434	305	0.13270011024897954
FT942-14638	434	306	0.13270011024897954
FBIS4-65007	434	309	0.13043614058861508
FT932-1653	434	311	0.12907775879239639
FT933-934	434	312	0.12907775879239639
FBIS3-55801	434	314	0.12692436360241505
FBIS3-16177	434	323	0.12364423160752162
FBIS3-16390	434	327	0.12364423160752162
FBIS3-17169	434	334	0.12364423160752162
FBIS3-17446	434	336	0.12364423160752162
FBIS3-22434	434	343	0.12364423160752162
FBIS3-24173	434	345	0.12364423160752162
FBIS3-38390	434	358	0.12364423160752162
FBIS3-56584	434	368	0.12364423160752162
FBIS3-56835	434	372	0.12364423160752162
FBIS4-17037	434	389	0.12364423160752162
FBIS4-39220	434	396	0.12364423160752162
FBIS4-39380	434	397	0.12364423160752162
FBIS4-40869	434	401	0.12364423160752162
FBIS4-46885	434	403	0.12364423160752162
FBIS4-47092	434	404	0.12364423160752162
FBIS4-61315	434	409	0.12364423160752162
FBIS4-61812	434	412	0.12364423160752162
FBIS4-61814	434	414	0.12364423160752162
FBIS4-62284	434	416	0.12364423160752162
FT923-3129	434	425	0.12364423160752162
FT942-14632	434	430	0.12364423160752162
FT922-5369	434	435	0.12214686281651899
FBIS3-15339	434	436	0.1215051333346607
FBIS4-17272	434	437	0.12114861695585055
FT922-10918	434	438	0.12114861695585055
FBIS4-63677	434	440	0.12064949402551634
FT944-3611	434	441	0.11931242162259824
FT942-2218	434	442	0.11869359162475206
FBIS3-42854	434	447	0.11374295164198248
FBIS4-68763	434	449	0.11334054564022815
FBIS3-42632	434	450	0.11188950584748682
FBIS3-17156	434	452	0.11127980844676946
FBIS3-23778	434	453	0.11127980844676946
FT942-14635	434	456	0.11127980844676946
FBIS3-17671	434	459	0.10978243965576681
FT911-778	434	460	0.10978243965576681
FBIS3-17996	434	474	0.10818870265658143
FBIS3-41507	434	477	0.10818870265658143
FT942-14633	434	481	0.10818870265658143
FT942-14643	434	482	0.10818870265658143
FT943-12566	434	483	0.10818870265658143
FBIS4-25789	434	486	0.10725284716220476
FBIS4-17252	434	487	0.10678770207376151
FBIS3-14753	434	488	0.10631699166782811
FBIS3-15946	434	489	0.10631699166782811
FBIS4-62742	434	490	0.10631699166782811
FBIS3-16391	434	492	0.10598076994930425
FBIS3-23780	434	497	0.10598076994930425
FBIS4-15360	434	505	0.10598076994930425
FBIS4-17940	434	511	0.10598076994930425
FT943-6240	434	515	0.10598076994930425
FBIS3-16266	434	519	0.10434891247089206
FBIS4-39667	434	526	0.10303685967293469
FBIS4-60769	434	527	0.10303685967293469
FT933-14717	434	535	0.10178905234709915
FBIS3-24321	434	536	0.1015649045347499
FT942-14647	434	537	0.10104932618852808
FBIS3-24041	434	538	0.10103012996653467
FBIS4-26127	434	540	0.09952508268673466
FBIS3-54780	434	560	0.0989153852860173
FBIS4-14990	434	566	0.0989153852860173
FBIS4-16407	434	570	0.0989153852860173
FBIS4-17426	434	571	0.0989153852860173
FBIS4-41123	434	576	0.0989153852860173
FBIS4-41140	434	577	0.0989153852860173
FBIS4-61820	434	582	0.0989153852860173
FBIS4-62610	434	586	0.0989153852860173
FBIS4-62904	434	589	0.0989153852860173
FT942-11547	434	598	0.0989153852860173
FT942-14645	434	599	0.0989153852860173
FBIS3-18825	434	615	0.0960794899837651
FBIS3-14751	434	616	0.0956612004489996
FT924-1909	434	617	0.0951932727018113
FBIS3-61393	434	621	0.09413894456059554
FBIS3-36892	434	644	0.09273317370564121
FBIS3-42962	434	649	0.09273317370564121
FBIS3-61250	434	655	0.09273317370564121
FBIS4-14993	434	657	0.09273317370564121
FBIS4-62609	434	672	0.09273317370564121
FBIS4-62743	434	674	0.09273317370564121
FT944-18719	434	681	0.09219839913742599
FBIS3-15338	434	682	0.09148536637980567
FT942-14619	434	684	0.09148536637980567
FT924-1757	434	685	0.09086146271688791
FBIS3-17165	434	693	0.0889897517281346
FBIS4-15359	434	700	0.08831730829108687
FBIS3-42853	434	703	0.0869574270590767
FBIS4-47090	434	704	0.0869574270590767
FBIS3-55812	434	727	0.08617821001822595
FBIS4-38666	434	728	0.08617821001822595
FBIS4-61998	434	733	0.08505359333426249
FBIS4-26128	434	737	0.08406955373579446
FT942-14639	434	738	0.08406955373579446
FBIS3-14752	434	740	0.08242948773834774
FBIS3-57062	434	756	0.08242948773834774
FBIS4-41946	434	769	0.08242948773834774
FT942-14646	434	782	0.08242948773834774
LA112789-0106	434	787	0.08242948773834774
FBIS4-25869	434	788	0.08219784274704116
FBIS3-61258	434	821	0.08118168041251221
FBIS4-15358	434	822	0.08067359924524774
LA051390-0170	434	824	0.07887138175388642
FT943-4403	434	825	0.07841602832554773
FBIS4-47093	434	827	0.07786603276211779
FBIS3-24320	434	842	0.07727764475470102
FBIS3-24324	434	843	0.07727764475470102
FBIS3-41488	434	846	0.07727764475470102
FBIS3-61391	434	848	0.07727764475470102
FBIS4-63549	434	854	0.07727764475470102
FBIS4-64175	434	855	0.07727764475470102
FT942-14641	434	857	0.07727764475470102
FBIS3-15696	434	862	0.0754059337659477
FBIS4-17139	434	864	0.0754059337659477
FBIS3-17843	434	872	0.07418653896451297
FBIS3-37866	434	877	0.07418653896451297
FBIS3-54832	434	880	0.07418653896451297
FBIS4-15673	434	890	0.07418653896451297
FBIS4-22237	434	928	0.07212580177105428
FT942-12004	434	931	0.07166251178844109
FBIS3-61392	434	932	0.07156614358025834
FT941-11731	434	935	0.07119180138250769
FBIS3-16139	434	944	0.0706538466328695
FBIS3-22225	434	949	0.0706538466328695
FBIS4-14989	434	964	0.0706538466328695
FBIS4-17262	434	970	0.0706538466328695
FBIS4-41726	434	973	0.0706538466328695
FT923-4336	434	982	0.0706538466328695
FT934-4666	434	996	0.06954988027923091
FT942-14634	434	997	0.06861402478485426
FBIS4-66212	435	0	0.1917122644091028
FBIS4-31127	435	7	0.16118535998453695
FT911-2153	435	8	0.15909633533906184
LA122989-0148	435	11	0.15036649449673464
LA050590-0126	435	14	0.14679528526396649
FBIS3-27258	435	15	0.14397090573203666
FBIS3-2862	435	21	0.12917233689788107
FBIS4-2468	435	25	0.1261224003077824
FBIS3-59343	435	27	0.12526703374387713
FBIS3-1933	435	32	0.12225547549051358
FBIS4-66172	435	33	0.1200107862925704
FBIS4-51098	435	41	0.11035898545420626
FBIS4-517	435	47	0.10619257468264343
FBIS3-2019	435	53	0.10147590057706689
FBIS4-66727	435	59	0.09873493396362489
FBIS4-48918	435	95	0.09146793474461301
FBIS4-2501	435	116	0.08678402170017392
FBIS4-38972	435	119	0.08638254343922198
FT943-8239	435	121	0.08638254343922198
LA101389-0176	435	122	0.08638254343922198
FT943-8324	435	129	0.08492448818766467
FT943-6050	435	133	0.08432982527312616
FBIS4-50913	435	155	0.07836350199913335
FBIS4-66698	435	157	0.07832182173606446
FBIS3-2020	435	162	0.07727935322847716
FBIS3-44378	435	209	0.0746619746056978
FBIS3-2053	435	230	0.07198545286601833
FBIS3-1655	435	239	0.06960464671083956
FT931-10612	435	254	0.0694567889185892
FT943-3807	435	324	0.06492073366640047
FBIS4-24896	435	343	0.0637303305888111
FT941-12411	435	346	0.06321621479696955
FT943-5357	435	394	0.06068147124722481
LA112589-0006	435	396	0.060532536206462095
FT943-5797	435	406	0.06014050641448429
FBIS4-50117	435	407	0.059789476875417046
FBIS3-25790	435	421	0.05919427533662235
FBIS3-45898	435	435	0.057940504633782815
FT931-892	435	483	0.05720800208885971
FBIS3-4193	435	525	0.05517949272710313
FBIS3-45482	435	627	0.05247189128105628
FT934-7698	435	639	0.052178884881383336
FBIS3-3812	435	738	0.04919239807599026
FBIS4-47142	435	751	0.048299595767798215
LA112690-0054	436	27	0.23624259708369466
FT931-14769	436	59	0.19950683845910194
LA021090-0057	436	63	0.1915928157910327
LA111190-0192	436	100	0.17576477045489416
FT943-8887	436	106	0.16874471220263904
FT911-4885	436	112	0.165936688901737
FBIS3-11568	436	121	0.1656652081501363
FT931-12899	436	125	0.16229868738188366
FT924-4812	436	145	0.15327425263282618
FT932-5424	436	165	0.14061181636391534
LA040989-0140	436	170	0.14061181636391534
LA041290-0165	436	171	0.14061181636391534
LA011889-0061	436	220	0.13182357784117063
LA080589-0049	436	232	0.13182357784117063
LA102389-0003	436	242	0.13182357784117063
FT941-7101	436	261	0.12936655745288134
LA083189-0135	436	262	0.12772854386068846
LA051389-0046	436	270	0.1255462646106387
FT921-8916	436	300	0.1230353393184259
FT941-7105	436	304	0.11977508615077705
LA061189-0156	436	328	0.11776700420237812
LA062690-0092	436	358	0.1171765136365961
LA070690-0027	436	359	0.1171765136365961
LA122190-0058	436	373	0.1171765136365961
LA111090-0116	436	401	0.10948160902344725
LA010689-0090	436	415	0.1054588622729365
LA022889-0076	436	425	0.1054588622729365
LA030789-0084	436	426	0.1054588622729365
LA120289-0137	436	457	0.1054588622729365
LA121689-0064	436	459	0.1054588622729365
FT923-479	436	483	0.10371043056358561
LA040690-0152	436	573	0.10043701168851095
FT922-12193	436	606	0.0973792124291302
LA110990-0021	436	607	0.0973792124291302
LA040589-0055	436	614	0.09579640789551636
LA052389-0112	436	615	0.09579640789551636
FBIS3-32795	436	640	0.09014353456118115
LA101090-0010	436	641	0.08946518976106094
LA021890-0165	436	771	0.08788238522744708
LA071390-0080	436	828	0.08788238522744708
LA072289-0066	436	832	0.08788238522744708
LA103089-0067	436	878	0.08788238522744708
LA120590-0109	436	889	0.08788238522744708
FT923-5087	436	976	0.08085409840805083
LA110790-0165	436	984	0.07980273538364079
FT941-9635	437	31	0.20851585370302206
FT942-10389	437	41	0.19329592364334083
FT941-8733	437	75	0.18750622769699835
FT923-4547	437	93	0.17132123147741965
FT941-8726	437	116	0.16406794923487356
FT931-10180	437	198	0.1443571294867076
FT924-6000	437	231	0.14062967077274877
FT931-4717	437	294	0.13393301978357025
FT921-14322	437	424	0.12287303699343795
FT923-357	437	430	0.12089471387320928
FT941-13850	437	474	0.12029760790558967
FT941-12755	437	579	0.11428272751031017
FT931-9639	437	592	0.11288147628578998
FT921-7175	437	640	0.11195306581408593
FT941-13773	437	661	0.11042530202554524
FT921-658	437	689	0.10980888633682678
FT943-13555	437	754	0.10660602639506633
FT942-10697	437	760	0.105875220163189
FT942-11676	437	806	0.1033938184869078
FT921-14302	437	820	0.10293473731365023
FT921-6632	437	853	0.10101048048176493
FT921-15570	437	868	0.09938991305767624
FT922-7857	437	967	0.09623808632447173
FBIS4-51074	438	22	0.2225822449483615
FBIS3-33309	438	24	0.21885796348516584
FBIS4-56176	438	31	0.21654543970624182
FT924-9868	438	46	0.1808399537183555
FT942-7298	438	47	0.1807628695923914
FBIS4-49095	438	57	0.16868117796917964
FT943-44	438	58	0.16476111660074322
FBIS4-7744	438	69	0.15533603515557962
FBIS3-50579	438	75	0.15415719438489595
FBIS4-10429	438	76	0.15415719438489595
FBIS4-24711	438	77	0.15415719438489595
FBIS4-56177	438	81	0.1499599509931525
FBIS3-50740	438	83	0.1471010839217104
FT934-9708	438	84	0.1468120184493449
FT944-12438	438	87	0.14458386683072544
FBIS4-57581	438	91	0.14436362647082787
FT911-2446	438	93	0.14189582474951187
FBIS4-50749	438	98	0.13534089981640113
FT934-7591	438	99	0.13534089981640113
FT943-12936	438	101	0.13336111261111402
FT941-6132	438	114	0.12708901442161574
FT943-11867	438	115	0.12708901442161574
FT933-14294	438	124	0.1237402512607096
LA032689-0043	438	125	0.1237402512607096
FT924-14658	438	127	0.12286325075213197
FT921-6648	438	133	0.12043149560229678
FBIS4-10983	438	134	0.11974383848606467
FT942-10654	438	135	0.11825899808209933
LA032489-0175	438	140	0.11672424719208846
FBIS3-32487	438	141	0.11430952509524057
FBIS4-10907	438	142	0.11430952509524057
FBIS3-51134	438	148	0.10873522460890571
FBIS3-10669	438	152	0.10827271985312091
FBIS3-51016	438	157	0.10827271985312091
FT943-9538	438	169	0.10827271985312091
FT921-15886	438	182	0.1041467771557282
FBIS3-10878	438	183	0.10395406684081787
FBIS3-14284	438	185	0.10277146292326397
FBIS4-57911	438	186	0.10277146292326397
FT911-663	438	193	0.09727020599340704
FT922-4619	438	194	0.09727020599340704
FT942-768	438	195	0.09727020599340704
FT932-3827	438	219	0.0908439395519805
FT944-13218	438	221	0.09061268717408809
FBIS3-44474	438	241	0.09022726654426742
FT922-4424	438	246	0.08775946482295141
FT943-11956	438	247	0.08775946482295141
FBIS3-10114	438	248	0.08754318539406633
FT944-1609	438	285	0.08472600961441049
LA100989-0101	438	286	0.08472600961441049
FBIS4-2294	438	298	0.08337446228006318
FT943-4468	438	299	0.08337446228006318
FT933-14547	438	303	0.0827137412003706
FBIS4-56591	438	314	0.08120453988984068
FBIS4-28131	438	328	0.07845391142491222
FT924-3610	438	335	0.07579090389718464
FT932-16945	438	436	0.07497997549657626
FBIS4-32817	438	437	0.07408271372375445
FT923-3223	438	444	0.07295265449505528
FT944-9726	438	482	0.06872689082557151
FT922-10913	438	495	0.06767044990820056
FT934-4579	438	499	0.0672462097927819
FT932-2961	438	520	0.06542613666765736
FBIS3-51359	438	535	0.06470076910026988
FT933-8438	438	585	0.06354450721080787
FT923-11087	438	667	0.06090340491738051
FT931-1895	438	673	0.06040845811605873
FT934-7733	438	780	0.05884043356868416
FT942-1249	438	781	0.05884043356868416
FT932-5587	438	792	0.05836212359604423
FT921-6633	438	806	0.056824402007774
FT933-3	438	810	0.05648839674762231
LA052790-0065	438	811	0.05648839674762231
FBIS3-20206	438	974	0.05529262181602247
FR941028-2-00014	439	7	0.14585678845799047
FBIS4-28316	439	10	0.13781048075217772
LA071090-0116	439	15	0.12502010439256325
FT922-15059	439	28	0.11067495279566524
FR940405-2-00006	439	34	0.10939259134349284
FT942-11282	439	99	0.08785603612870692
FR940621-2-00002	439	101	0.08751407307479427
FR940916-2-00017	439	102	0.08751407307479427
FR941206-2-00016	439	103	0.08508312660049444
FBIS4-45134	439	118	0.08334673626170884
FR941026-2-00014	439	121	0.08204444350761964
FT911-200	439	139	0.07748641886830743
LA112589-0072	439	178	0.07301388499247338
FBIS4-51883	439	180	0.07292839422899523
FR940512-2-00023	439	182	0.07292839422899523
FR940712-2-00007	439	183	0.07292839422899523
FR940817-2-00018	439	184	0.07292839422899523
FR940817-2-00019	439	185	0.07292839422899523
FR940916-2-00018	439	186	0.07292839422899523
FR940928-2-00009	439	187	0.07292839422899523
FR941011-2-00024	439	188	0.07292839422899523
FR941205-2-00028	439	189	0.07292839422899523
FR941220-2-00005	439	191	0.07292839422899523
FR941222-2-00013	439	244	0.06381234495037082
FR941116-2-00055	439	251	0.06251005219628163
FR940204-2-00115	439	257	0.060773661857496025
FR940204-2-00116	439	258	0.060773661857496025
FR940204-2-00117	439	259	0.060773661857496025
FR940527-2-00030	439	260	0.060773661857496025
FR941128-2-00025	439	261	0.060773661857496025
FR940919-2-00007	439	373	0.058342715383196186
FT934-11831	439	376	0.058342715383196186
FBIS3-9700	439	385	0.05533747639783262
FR940506-2-00026	439	398	0.05469629567174642
FR940622-2-00021	439	399	0.05469629567174642
FR940816-2-00009	439	400	0.05469629567174642
FR940816-2-00010	439	401	0.05469629567174642
FR940204-2-00114	439	421	0.05209171016356803
FR940928-2-00008	439	423	0.05209171016356803
FT934-13554	439	438	0.05072602003134657
FBIS4-52218	439	500	0.04861892948599681
FT924-1947	439	501	0.04861892948599681
FT942-14635	439	577	0.0469965459417013
FR940124-2-00014	439	644	0.04375703653739713
FR940412-2-00003	439	645	0.04375703653739713
FR940419-2-00004	439	646	0.04375703653739713
FR940617-2-00038	439	647	0.04375703653739713
FR941128-2-00024	439	649	0.04375703653739713
FR941227-2-00112	439	652	0.04375703653739713
FR940831-2-00073	439	719	0.04167336813085442
FBIS3-27604	439	741	0.04094082884036268
FT931-1310	439	748	0.03944931028342784
FR940627-2-00085	439	920	0.036464197114497617
FR940711-2-00023	439	922	0.036464197114497617
FR940720-2-00025	439	923	0.036464197114497617
FR941028-2-00022	439	926	0.036464197114497617
FR941028-2-00023	439	927	0.036464197114497617
LA042990-0226	439	945	0.036464197114497617
LA031690-0183	440	6	0.30450629268755636
LA032290-0007	440	25	0.22767710175898423
LA060689-0153	440	31	0.2158572262315116
LA040390-0172	440	55	0.19632553204015454
LA040590-0063	440	102	0.17666776408297447
FBIS4-50830	440	156	0.15256833075833573
FBIS4-5198	440	212	0.14090168265409425
FBIS4-5852	440	642	0.09610873758828316
LA061290-0137	440	908	0.08747803686157304
LA021090-0137	440	926	0.08435189894372203
FBIS4-50569	440	947	0.08009061465690263
FBIS4-66529	440	959	0.07902080818200986
FBIS4-67664	441	1	0.521381910871485
LA092090-0248	441	3	0.4939511751635898
LA112690-0027	441	4	0.441796489707985
FBIS4-45839	441	5	0.34576582261451283
LA081989-0064	441	6	0.3293007834423932
FR940802-1-00015	441	7	0.32920181723165554
LA071989-0117	441	8	0.3018618005502698
LA061389-0087	441	14	0.22812262672177377
LA111390-0102	441	203	0.10973119001580914
FR940802-1-00013	441	257	0.09602200755003262
FBIS3-60487	441	390	0.08401384439162883
LA052889-0143	442	406	0.0644652238493081
LA100990-0034	442	410	0.0644652238493081
FT934-12013	443	44	0.21080155201709397
FT942-11344	443	49	0.20782747975640992
FT944-10180	443	55	0.20366377859145224
FT932-6492	443	81	0.18773868197492855
FT942-8277	443	431	0.17427665411648313
FT934-6162	443	442	0.1689648137774357
FT944-17976	443	471	0.1596754166021362
FBIS4-3998	443	472	0.15924914728269213
FBIS4-23278	443	478	0.15678365431271363
FT924-6026	443	488	0.15545066391589696
FT942-5996	443	490	0.15545066391589696
LA042789-0136	443	499	0.1503787926633698
FT941-10902	443	744	0.1417902086691878
FT942-11103	443	813	0.13983871506251505
FBIS4-47702	443	821	0.1367497665227348
FT933-485	443	892	0.1273993178261537
FT944-17899	443	965	0.12637681712425144
FT944-18312	443	971	0.12482436864967916
FBIS4-45803	444	8	0.24140713568139663
FT943-4354	444	13	0.192776803695573
FBIS4-44747	444	19	0.17598518495105803
FR940318-0-00213	444	53	0.10559111097063481
FR940318-0-00173	444	61	0.10056296282917601
FBIS4-66450	444	73	0.09701144622197272
FBIS4-44741	444	77	0.09054401647384121
FR940318-0-00170	444	96	0.07542222212188202
FR940721-2-00028	444	221	0.045272008236920604
FT933-14063	444	222	0.045272008236920604
FT932-7115	444	226	0.042960437227330214
FR940318-0-00172	444	279	0.03772667353076717
FR940128-2-00102	444	337	0.03233714874065757
FT931-11616	445	2	0.31154462518603476
FT942-2917	445	5	0.2423332471266024
LA110789-0149	445	7	0.23750153001104457
FT921-11838	445	52	0.19389151074623895
FT921-11847	445	53	0.19389151074623895
FT921-11857	445	54	0.19389151074623895
FT921-4820	445	104	0.16619272349677625
FT943-15291	445	143	0.15347149491894224
FT941-7858	445	151	0.14886985957079193
FT924-8156	445	152	0.14843845625690286
FT942-17115	445	197	0.14541863305967923
FT944-1870	445	259	0.1320613430529535
FT944-2077	445	260	0.1320613430529535
FT921-7364	445	293	0.1248137673796168
FT934-408	445	420	0.11423247314012593
FT924-9001	445	429	0.11007058252716728
FT924-9074	445	447	0.10906397479475942
FT933-9689	445	458	0.10906397479475942
FT934-13060	445	736	0.08725117983580753
FT924-4560	445	831	0.08309636174838812
FT924-6652	445	832	0.08309636174838812
FT934-11863	445	843	0.08309636174838812
FT924-10442	445	953	0.07725364881295459
FT924-8057	446	0	0.30385080380188206
FT924-1694	446	1	0.30385080380188206
FT924-8062	446	5	0.2566170340496642
FT921-6226	446	8	0.23150537432524346
FBIS4-9676	446	19	0.20256720253458804
FT923-7572	446	23	0.20256720253458804
FT933-12232	446	32	0.20256720253458804
FT934-13100	446	35	0.20256720253458804
LA092289-0068	446	40	0.20256720253458804
FBIS4-21826	446	44	0.18231048228112925
FBIS4-67402	446	46	0.17724630221776455
FT933-12228	446	61	0.1698025186776979
FT924-10172	446	74	0.16205376202767044
FT924-11501	446	75	0.16205376202767044
FT941-5484	446	81	0.16205376202767044
FT942-1754	446	83	0.16205376202767044
FBIS4-10911	446	89	0.15987747395760907
FBIS4-56591	446	90	0.15956355497241972
FBIS4-9716	446	104	0.14857720384298564
FT924-12197	446	105	0.14857720384298564
FBIS4-21957	446	110	0.14469085895327718
FBIS3-23110	446	113	0.14179704177421162
FT932-16493	446	116	0.14086434688704247
FT943-11047	446	134	0.1351006456583009
FT931-887	446	135	0.13507970417008508
FT924-12035	446	143	0.13504480168972535
FT933-4446	446	145	0.13504480168972535
FT933-11090	446	146	0.13504480168972535
LA071590-0042	446	150	0.13504480168972535
FBIS4-24813	446	170	0.1266045015841175
FBIS3-23109	446	186	0.12154032152075282
FBIS3-34009	446	189	0.12154032152075282
FBIS4-21828	446	191	0.12154032152075282
FT931-9190	446	197	0.12154032152075282
FT944-14358	446	201	0.12154032152075282
FT933-2521	446	208	0.1181642014785097
FT933-7901	446	248	0.11575268716262173
FBIS4-21831	446	301	0.10128360126729402
FBIS4-21958	446	302	0.10128360126729402
FT931-5364	446	328	0.10128360126729402
FT932-679	446	334	0.10128360126729402
FT933-11849	446	340	0.10128360126729402
FT933-1349	446	341	0.10128360126729402
FT934-12416	446	409	0.09793540320933866
FBIS4-21821	446	418	0.09115524114056463
FT922-12716	446	419	0.09115524114056463
FT924-11275	446	420	0.09061116912304928
FT932-4527	446	555	0.08694905207990458
FBIS3-23259	446	576	0.08440300105607836
FBIS3-34361	446	577	0.08440300105607836
FBIS3-42197	446	578	0.08440300105607836
FT931-4450	446	588	0.0829880033057316
FBIS4-21827	446	600	0.08102688101383522
FT932-4098	446	615	0.08102688101383522
FT932-13488	446	621	0.08102688101383522
FT933-14609	446	627	0.08102688101383522
FT941-7642	446	634	0.08102688101383522
FT943-568	446	638	0.08102688101383522
FBIS3-34563	446	661	0.07943056465537347
FBIS4-59260	446	662	0.0791614912394969
FT942-16266	446	698	0.07596270095047052
FT943-497	446	699	0.07596270095047052
FT941-5407	446	702	0.07566976412110664
FBIS3-12932	446	751	0.07234542947663859
FBIS3-42278	446	753	0.07234542947663859
FT933-2919	446	760	0.07234542947663859
FBIS3-42218	446	879	0.06815023881524133
FT934-12157	446	880	0.06795837684228695
FBIS3-33809	446	886	0.06752240084486268
FBIS3-35253	446	887	0.06752240084486268
FT934-355	446	915	0.06752240084486268
FT932-13562	446	989	0.06583434082374112
LA111989-0022	446	990	0.06583434082374112
FBIS3-34175	446	991	0.06529026880622577
FBIS3-42223	446	992	0.06529026880622577
FBIS3-23008	446	995	0.06330225079205876
FR940318-0-00154	447	207	0.1499949658681283
FR940505-1-00225	447	662	0.09989067324786823
FR940318-0-00152	447	956	0.08333053659340461
FT934-9603	448	114	0.1637320205696672
LA010689-0041	448	118	0.1637320205696672
LA021689-0098	448	120	0.1637320205696672
LA021690-0065	448	121	0.1637320205696672
LA080190-0139	448	190	0.1432655179984588
LA012690-0108	448	221	0.1403417319168576
FT922-15088	448	246	0.13600368088261058
FT921-11935	448	295	0.1312887701979817
LA020889-0093	448	583	0.10915468037977813
LA122589-0032	448	596	0.10915468037977813
FT944-18938	448	899	0.10352107852394438
FT941-14237	448	925	0.102332512856042
LA011589-0130	448	986	0.09823921234180032
FBIS4-23024	449	1	0.25982243724828535
FR940523-0-00045	449	2	0.2494295397583539
FT924-5307	449	6	0.21045617417111112
FBIS4-23026	449	11	0.1558934623489712
FBIS4-23032	449	16	0.13362296772768958
FT922-12251	449	17	0.12991121862414268
FT944-18645	449	32	0.097433413968107
FT922-7537	449	33	0.09353607740938272
FBIS3-3946	449	75	0.06235738493958848
FT921-8860	449	78	0.06235738493958848
LA073190-0159	449	85	0.06235738493958848
FT942-8985	449	122	0.051964487449657065
FT933-7438	449	134	0.04676803870469136
FR940810-0-00019	449	142	0.044540989242563195
FT924-13606	449	145	0.044540989242563195
FR940224-0-00058	449	176	0.04287070214596708
FR940317-0-00039	449	187	0.0389733655872428
FT921-2018	449	193	0.0389733655872428
FT932-5730	449	312	0.03117869246979424
FT941-12043	449	319	0.03117869246979424
FBIS3-50580	449	328	0.0292300241904321
FT942-151	449	427	0.025982243724828533
FBIS3-40343	449	545	0.0194866827936214
FT924-3416	449	563	0.0194866827936214
FT933-831	449	567	0.0194866827936214
LA061390-0002	449	588	0.0194866827936214
FT933-11435	449	996	0.012991121862414266
FT943-7095	449	997	0.012991121862414266
LA020990-0117	450	1	0.31061228639383826
LA110690-0086	450	17	0.17210317364754146
FT924-13555	450	23	0.1655749021050479
FBIS4-11925	450	28	0.15846985735941144
LA051889-0205	450	29	0.15814683185812592
FT933-5957	450	32	0.15351467859619897
FT941-13153	450	43	0.15114966034850896
FT942-4289	450	44	0.1495903361288646
FT933-748	450	48	0.14664635823073466
LA090990-0181	450	74	0.1345461406117103
FBIS4-12929	450	75	0.134357352639305
FT941-12873	450	76	0.13428849314802288
LA091890-0045	450	85	0.1326445503656886
FBIS4-37430	450	90	0.13179689778413556
FT943-14084	450	93	0.1300227374147944
FT941-10100	450	104	0.12911639900980426
FT934-6691	450	105	0.12822828099012665
FT943-12145	450	108	0.12719209929315844
FBIS4-59824	450	111	0.12533649794257454
FBIS3-54186	450	122	0.12273574444893169
FT943-10634	450	124	0.1218767435405962
FBIS4-37688	450	128	0.12017054857747124
FT933-912	450	129	0.12016661295962257
FT921-3964	450	130	0.11896433558918244
FBIS4-26473	450	131	0.11885239301955859
FBIS3-52605	450	136	0.11782631467097442
FBIS3-52617	450	137	0.11782631467097442
FBIS3-54283	450	140	0.11714226243858496
FBIS4-37785	450	141	0.11665365370116393
LA100890-0002	450	212	0.11319001631205428
LA020689-0097	450	214	0.1130570200709084
FT933-924	450	215	0.11297684913357874
FT944-13606	450	222	0.1126750177943393
LA081490-0008	450	229	0.11015423435605089
FT944-10340	450	233	0.10810087856698737
FT933-3882	450	234	0.10777232358197138
LA051989-0015	450	239	0.10737092000707653
FBIS3-33706	450	240	0.10678665862692338
FBIS3-54520	450	241	0.10678665862692338
FBIS4-37314	450	243	0.10645411454331065
FT934-10277	450	245	0.10606219300099777
FBIS3-52595	450	246	0.10595529841789153
FBIS3-52659	450	247	0.10595529841789153
FT943-15934	450	248	0.10562280781502686
FT923-14696	450	254	0.10347329204808237
FBIS3-52401	450	279	0.10129527670264382
LA121390-0114	450	283	0.10073171065483322
FBIS4-13937	450	284	0.10040765351878711
FBIS3-13919	450	286	0.10014805008492311
FT943-12406	450	288	0.09955136443220523
FBIS3-34786	450	312	0.09818859555914534
FBIS4-37788	450	313	0.09818859555914534
FBIS4-13015	450	320	0.09774921037317445
FBIS3-54398	450	355	0.09596953759950357
FT933-2144	450	358	0.09529090908482024
FBIS3-34301	450	381	0.09303788517497737
FBIS4-37689	450	385	0.09302264619404203
FT944-15846	450	396	0.09140755765544716
FBIS4-37687	450	397	0.09130066307234093
FBIS4-60172	450	398	0.09130066307234093
FBIS4-37691	450	402	0.09097760102131018
FT943-11046	450	445	0.09043883795491885
FT943-4881	450	451	0.08965708409268834
FBIS3-34163	450	452	0.0895905324913673
FBIS3-52320	450	465	0.08859976925569381
FBIS4-12683	450	468	0.08848021698571262
FBIS4-14076	450	470	0.08787091987781169
FT943-15113	450	480	0.08710852612155813
FT943-12560	450	481	0.08688053218134532
FBIS4-37432	450	487	0.08591502111425219
FBIS3-34162	450	489	0.0856274795486734
FBIS4-26821	450	550	0.08526779587602333
FT942-13340	450	579	0.08451962516864274
FT943-14806	450	592	0.08347216790343732
FBIS3-54192	450	594	0.0833142676206093
FBIS4-37431	450	596	0.08269074746383541
FBIS4-37787	450	677	0.08047676916450541
FBIS4-12680	450	679	0.08008999397019254
FBIS4-37480	450	690	0.07946647381341865
FT923-13456	450	691	0.07925192422833324
FBIS3-52235	450	692	0.07923492867970572
FBIS4-14057	450	694	0.07923492867970572
FBIS3-13825	450	696	0.07901094295224231
FT943-13871	450	697	0.07897068962250815
FBIS4-36489	450	703	0.07835615830776395
FT942-4603	450	712	0.07789061798300535
FBIS4-11807	450	719	0.077504479457485
FBIS4-13582	450	720	0.07749635200098616
FBIS3-52453	450	740	0.07679188499260053
FT932-4802	450	752	0.07669947501834344
FT944-15512	450	753	0.07669947501834344
FBIS3-53591	450	759	0.07641526911891122
FBIS4-37686	450	822	0.07493589714581671
FT943-6333	450	828	0.07471423674390693
FT943-6412	450	829	0.07466445096133555
FBIS3-54262	450	844	0.07405712677387494
FBIS3-13280	450	858	0.07339203860664946
FBIS4-37347	450	860	0.07339203860664946
FT911-4070	450	863	0.07322878512916468
FT943-10856	450	865	0.07312604612435773
FT941-17555	450	874	0.07263538763190215
FT944-15625	450	875	0.07256472097696243
FBIS4-37644	450	881	0.07235376907331702
FBIS4-13605	450	971	0.07028535746315098
FBIS3-54527	450	979	0.06975809523998593
